Precision	Recall
0.000549	0.847846
0.001720	0.813742
0.003623	0.789956
0.006297	0.771944
0.009899	0.756584
0.014140	0.743803
0.019058	0.731245
0.024227	0.720879
0.029944	0.711694
0.036206	0.702473
0.042101	0.693373
0.048286	0.684634
0.054450	0.676102
0.060756	0.667261
0.067732	0.659516
0.075062	0.650687
0.081475	0.644070
0.088104	0.637563
0.093732	0.630653
0.100680	0.625311
0.107403	0.618594
0.114927	0.613667
0.121680	0.607629
0.129081	0.603774
0.135323	0.598188
0.142931	0.593798
0.150165	0.589858
0.155976	0.585340
0.163106	0.580667
0.169790	0.575113
0.174280	0.571872
0.180657	0.567763
0.185729	0.563574
0.191305	0.557784
0.196873	0.553631
0.203614	0.549267
0.208329	0.542006
0.214653	0.535579
0.221016	0.531522
0.227701	0.528320
0.232415	0.524315
0.238149	0.519722
0.243166	0.515565
0.248815	0.511988
0.254100	0.509298
0.259099	0.506007
0.264804	0.503486
0.271012	0.500650
0.276839	0.497581
0.282587	0.494574
0.288159	0.491125
0.292938	0.487780
0.299286	0.484146
0.307680	0.483362
0.312515	0.480194
0.315984	0.475884
0.323202	0.470794
0.330290	0.468463
0.333789	0.465220
0.338808	0.462456
0.342608	0.459401
0.346179	0.454697
0.351625	0.451287
0.357572	0.448911
0.362892	0.444365
0.366958	0.441758
0.372961	0.439938
0.378329	0.437418
0.381793	0.435125
0.383840	0.431670
0.388199	0.429217
0.391145	0.426745
0.398099	0.424816
0.403409	0.421236
0.406927	0.418739
0.411452	0.414480
0.414924	0.411243
0.418957	0.407544
0.424744	0.405434
0.428563	0.403132
0.435746	0.399717
0.437749	0.395763
0.440591	0.393620
0.443787	0.392248
0.449020	0.389747
0.452047	0.386669
0.456206	0.383680
0.458233	0.381137
0.460511	0.378859
0.465574	0.376287
0.466874	0.374767
0.468564	0.372538
0.470368	0.370198
0.472794	0.368625
0.473863	0.366000
0.477036	0.362492
0.481422	0.360777
0.484435	0.359681
0.487587	0.357149
0.492326	0.355916
0.497521	0.351921
0.502831	0.350285
0.509227	0.348097
0.512856	0.344534
0.515770	0.341692
0.519391	0.340131
0.523461	0.337541
0.530011	0.335073
0.533378	0.333351
0.538948	0.332377
0.539787	0.329181
0.540332	0.328075
0.543850	0.325474
0.545491	0.323306
0.546159	0.320841
0.549633	0.320079
0.552912	0.317132
0.558393	0.315282
0.560645	0.311968
0.566206	0.307658
0.566279	0.306498
0.567984	0.304781
0.569510	0.304028
0.571842	0.300070
0.577146	0.297321
0.579982	0.294542
0.581505	0.292934
0.580809	0.291079
0.581358	0.288010
0.580631	0.283506
0.581688	0.281857
0.581526	0.279693
0.585396	0.278063
0.585071	0.274070
0.586610	0.273497
0.590591	0.271774
0.590733	0.270584
0.593681	0.268958
0.595505	0.264439
0.595933	0.263444
0.596549	0.260747
0.596899	0.258853
0.600054	0.258453
0.603794	0.257471
0.604518	0.255795
0.607293	0.253902
0.606385	0.253440
0.610036	0.250709
0.614358	0.249532
0.624931	0.239552
0.635143	0.234282
0.643628	0.224086
0.660312	0.219955
0.677203	0.213708
0.689946	0.209108
0.706893	0.199653
0.712954	0.195619
0.724930	0.191682
0.725657	0.179695
0.742568	0.173578
0.748511	0.168029
0.760391	0.160582
0.760253	0.154380
0.769476	0.147729
0.769453	0.144777
0.782341	0.140305
0.787363	0.138208
0.790765	0.133865
0.800203	0.131581
0.802781	0.128767
0.811489	0.124458
0.813435	0.119499
0.817880	0.113519
0.822498	0.110022
0.834152	0.103155
0.836668	0.101834
0.839714	0.098933
0.844727	0.096388
0.850661	0.093103
0.855212	0.091739
0.859852	0.088918
0.865116	0.087222
0.870052	0.079464
0.875870	0.077598
0.877601	0.075288
0.880584	0.074376
0.884072	0.072578
0.890775	0.071183
0.899546	0.069950
0.898935	0.068579
0.900520	0.066376
0.910395	0.064078
0.916830	0.063361
0.922823	0.062491
0.927891	0.060184
0.933207	0.057568
0.934624	0.057350
0.939637	0.056577
0.941999	0.055041
0.944019	0.053206
0.944997	0.053140
0.950365	0.051918
0.952578	0.049812
0.952222	0.047654
0.953513	0.047408
0.955062	0.047005
0.959561	0.046924
0.961353	0.045276
0.965222	0.044657
0.966151	0.044467
0.967582	0.044049
0.967778	0.043858
0.967825	0.043056
0.967996	0.043048
0.973610	0.042486
0.976510	0.041822
0.979417	0.040571
0.979706	0.040526
0.984925	0.040125
0.985030	0.039979
0.985045	0.039664
0.985074	0.039509
0.985121	0.039176
0.986420	0.037941
0.986423	0.037681
0.986423	0.037681
0.986390	0.036530
0.986486	0.034827
0.986687	0.034644
0.988049	0.033104
0.990333	0.032257
0.991419	0.032150
0.994179	0.031787
0.995657	0.030956
0.995657	0.030956
0.995841	0.030741
0.995855	0.029402
0.995908	0.028881
0.995909	0.028223
0.995915	0.027447
0.996715	0.027132
0.996743	0.026805
0.996743	0.026805
0.996747	0.026676
0.996747	0.026676
0.997291	0.026126
0.997291	0.026126
0.997291	0.026126
0.997291	0.026126
0.997408	0.025517
0.997701	0.024061
0.997724	0.023536
0.997977	0.022676
0.998019	0.021737
0.998115	0.021473
0.998536	0.021041
0.998839	0.020646
0.998839	0.020646
0.998540	0.018896
0.998540	0.018896
0.999158	0.018834
0.999158	0.018834
0.999762	0.018510
0.999762	0.018510
0.999945	0.018146
0.999950	0.017504
0.999950	0.017504
0.999950	0.017504
0.999950	0.017504
0.999950	0.017504
0.999960	0.016694
0.999960	0.016694
0.999970	0.016027
0.999990	0.016009
0.999990	0.016009
0.999990	0.016009
0.999990	0.016009
0.999990	0.016009
0.999990	0.016009
0.999990	0.016009
